>> P08_1

alinea_a =  0.73000
alinea_b =  0.72000
alinea_c =  0.72727
>> P08_3

alinea_a =  0.056981
alinea_b =  0.056981
alinea_c =  0.056981
>> P08_6

ans =

   1   1   1   1

alinea_a =    5.1810e-06
passos =

     1     2    10   100

Passo 1
Tn =

   0.80000   0.00000   0.30000   0.00000
   0.20000   0.90000   0.20000   0.00000
   0.00000   0.10000   0.40000   0.00000
   0.00000   0.00000   0.10000   1.00000

Passo 2
Tn =

   0.64000   0.03000   0.36000   0.00000
   0.34000   0.83000   0.32000   0.00000
   0.02000   0.13000   0.18000   0.00000
   0.00000   0.01000   0.14000   1.00000

Passo 3
Tn =

   0.21163   0.15428   0.17086   0.00000
   0.62815   0.62855   0.52530   0.00000
   0.10285   0.10838   0.08667   0.00000
   0.05737   0.10879   0.21717   1.00000

Passo 4
Tn =

   0.06112   0.05752   0.05073   0.00000
   0.22555   0.21224   0.18720   0.00000
   0.03835   0.03608   0.03183   0.00000
   0.67498   0.69416   0.73024   1.00000

Q =

   0.80000   0.00000   0.30000
   0.20000   0.90000   0.20000
   0.00000   0.10000   0.40000

F =

   20.000   15.000   15.000
   60.000   60.000   50.000
   10.000   10.000   10.000

mediaPassos =

   90.000   85.000   75.000

t =

   90.000
   85.000
   75.000

Q1 =

   0.80000   0.00000   0.39000
   0.20000   0.90000   0.20000
   0.00000   0.10000   0.40000

F1 =

   200.00   195.00   195.00
   600.00   600.00   590.00
   100.00   100.00   100.00

t1 =

   900.00
   895.00
   885.00

>> P08_7

T =

   0.80000   0.10000   0.05000
   0.20000   0.60000   0.20000
   0.00000   0.30000   0.75000

ans =

   1   1   1

vEstado =

   100
   200
    30

alinea_a =

    97.664
   115.760
   116.576

alinea_b =

    88.000
   110.000
   132.000

ans =  9
Dia 10 de Janeiro!
